Sync:     114.80680466
Thread:   114.78985000
Process:  14.59749341